100
0
99
0 1 5
1 2 5
2 3 5
3 4 4
4 5 5
5 6 1
6 7 5
7 8 5
8 9 4
9 10 2
10 11 2
11 12 3
12 13 5
13 14 3
14 15 3
15 16 2
16 17 3
17 18 3
18 19 4
19 20 3
20 21 2
21 22 2
22 23 2
23 24 3
24 25 5
25 26 5
26 27 4
27 28 1
28 29 4
29 30 2
30 31 1
31 32 4
32 33 4
33 34 3
34 35 3
35 36 2
36 37 4
37 38 5
38 39 3
39 40 3
40 41 2
41 42 1
42 43 1
43 44 2
44 45 2
45 46 2
46 47 1
47 48 5
48 49 3
49 50 4
50 51 5
51 52 3
52 53 5
53 54 3
54 55 4
55 56 5
56 57 1
57 58 2
58 59 5
59 60 3
60 61 2
61 62 2
62 63 3
63 64 5
64 65 1
65 66 5
66 67 3
67 68 2
68 69 4
69 70 1
70 71 1
71 72 4
72 73 2
73 74 4
74 75 2
75 76 5
76 77 4
77 78 1
78 79 2
79 80 1
80 81 1
81 82 5
82 83 3
83 84 1
84 85 3
85 86 2
86 87 1
87 88 3
88 89 4
89 90 1
90 91 4
91 92 2
92 93 1
93 94 1
94 95 4
95 96 3
96 97 2
97 98 4
98 99 1
